array length 1445
7422
7232 7735 4339 9648 1464 4305 4204 5759 3774 2572 4781 5635 7158 5843 2225 25 5974 592 1018 4214 1583 2785 566 9983 9724 694 4260 6974 9219 9265 6238 3767 2445 4700 1901 2096 6528 4790 198 3480 1203 4067 7787 7631 5741 136 9016 6376 7035 2849
2508 6532 1021 3726 7212 4163 3602 5368 2923 4298 2145 9125 2242 5153 9718 6716 6818 3264 7154 1309 2264 3465 5543 972 8905 4602 5930 8956 4185 9358 3946 9253 7098 6340 3805 5069 1982 6626 426 7818 521 1845 1620 2987 3996 4949 7129 6020 6739 2210
2646 5209 9442 601 7552 1963 6896 8459 5715 2058 2834 804 6635 6515 5612 6589 4800 4232 814 9871 6419 8219 900 6269 989 1359 5406 3454 6449 8267 1193 8544 2374 5509 737 2235 1677 9772 5162 1657 386 3465 6616 2244 8710 3699 9046 3541 645 135
2373 5032 8076 159 2546 3064 254 9017 3107 659 3130 1461 1585 9652 1305 1028 7243 4347 2641 7781 39 7202 3597 8702 5441 4896 2998 7757 272 4005 1873 5965 9115 8466 7282 9581 5823 1034 9487 6704 286 3482 134 5968 5021 1763 7239 8264 2777 5376
6083 4493 1449 6934 9071 3735 7482 1378 7070 7990 4041 8101 6316 2587 1752 7927 670 2014 4031 6768 6057 6668 5630 5772 1347 30 4953 8888 809 6272 7713 7923 4096 765 5012 477 6125 4329 4697 1238 9416 3293 802 3727 170 6191 2023 6394 6851 879
2347 161 8468 2659 4372 5539 5396 4250 5004 8345 1011 7318 7918 1517 3516 2573 988 5238 6912 2219 2836 6482 506 8739 117 389 4173 7881 5454 2712 2592 239 588 7187 2520 4400 4480 3253 1829 4349 6205 765 1378 2402 3047 912 7629 3778 8753 7462
6416 642 3142 3276 7264 6226 6191 7081 2949 8557 1360 3719 4935 8223 5980 8832 2382 3114 6002 3546 7706 1165 4226 92 3806 4030 6547 6731 643 5067 3380 3939 5219 3280 645 4719 5824 5 8926 7162 8428 5090 9023 4880 1841 3602 5917 4928 2285 8762
1717 7979 8240 660 6617 5283 8554 3442 7355 2052 9806 537 1822 2008 1207 9139 1401 3599 1538 7745 1810 6246 8138 3092 9803 4123 488 3037 4141 5848 2062 5572 5428 7805 8920 3911 3860 6901 7651 3381 964 6883 7753 3879 2906 5081 3391 2137 2490 6870
8974 3935 1264 1552 2438 9673 558 6302 33 14 95 9750 7141 8214 4726 8443 626 1587 5553 3289 7022 8092 8363 925 9103 3903 5632 1586 851 8756 9251 8413 6382 952 8354 5315 4521 680 9171 435 554 5902 2336 3628 7488 1154 991 2237 4512 535
4226 573 2658 2260 1559 8044 3217 7301 6405 1558 8266 389 808 1803 9526 9057 8784 3079 413 3466 7310 7999 2403 9952 9590 5027 6962 2068 1097 1228 2652 6136 4290 9249 620 371 1884 6267 7615 356 740 7284 4851 3756 7316 4779 2320 5332 8430 6466
4502 1352 4904 9102 1323 3772 5222 6504 3959 130 2942 4381 9103 5473 4792 6533 2563 5647 630 8844 7323 2 2624 9888 6478 6019 9948 7536 3430 7514 5046 4878 8478 1927 5672 6312 567 1326 7244 4987 771 6021 978 7593 4366 6930 2190 4012 1272 1747
8411 7661 1055 5526 4090 1041 3559 3077 5371 1669 730 8456 1027 3792 6864 1518 8826 4656 9839 7226 1069 6893 1458 3623 2387 3687 8165 9538 3112 1054 8539 2135 1330 9826 6739 5804 1169 5729 4867 7862 2341 1231 3021 601 1703 3703 5311 9661 7365 5028
5291 2906 6757 3004 1210 6620 902 9650 6667 7447 531 7575 48 9007 9286 1078 1517 361 3474 9478 6477 3745 9574 8909 9373 7044 8752 9473 6774 2917 844 3545 5056 454 1769 6360 8050 1900 4048 4927 789 7162 3124 9561 1553 5000 430 2383 6221 1081
3554 8362 2829 3898 9575 5376 4250 464 6788 2689 9802 6591 1547 3254 8189 4312 975 6072 66 5091 2077 362 2367 3074 1442 785 1638 2552 9472 8868 1950 491 5834 4531 1194 1933 1402 2705 9626 1432 5064 2070 3014 1958 2782 1363 1253 6802 8357 4562
949 3319 1795 2023 7980 1926 7914 8328 4485 2836 3846 2588 2437 2417 9382 7918 1676 2965 9612 9898 3921 5632 4715 1354 3394 4559 9939 9246 7262 7074 831 7564 7217 5217 1032 7374 5130 53 7903 8111 7111 232 7546 6999 4448 9630 6199 7292 7212 1904
9779 2883 2012 1104 2570 2058 7989 8673 2843 6262 150 7694 2723 8592 987 8150 3114 807 8828 2733 1416 5542 9363 622 8350 6306 2909 1721 7402 6442 6335 5810 1270 7283 7987 1012 6283 69 9446 4550 6170 7641 1362 813 4702 4472 1683 8223 7919 3647
5004 3773 337 400 1156 9687 4001 7821 4724 640 1511 5230 7648 9831 8947 5650 7913 3635 4731 7999 3245 3944 7321 1069 6027 6473 3140 5340 2615 276 6347 6906 1570 3162 3954 244 3535 5250 7093 4078 8776 4515 7219 4065 5350 1265 6987 4696 1544 5136
5907 5589 4934 109 253 1164 1252 7063 3521 7407 8872 656 7561 1294 2888 7711 8963 414 4846 466 181 4540 7636 2768 5094 9432 6474 2738 5064 830 5086 8506 9681 4836 8421 7802 4418 2233 5071 7331 1498 1900 6665 4441 1744 6152 5299 7646 9464 2326
9031 1696 2376 2830 3088 1001 346 2831 3649 7316 3874 7388 2252 147 8857 3811 449 4986 3055 7219 5786 5440 132 6125 2276 8215 2872 8810 8830 7254 1436 3472 2866 4037 8282 2269 6133 6111 5594 4604 9574 9567 5139 4632 440 3290 8116 1132 7830 1128
427 7051 9858 3611 1597 7930 348 4530 412 2465 8253 4234 1030 6359 5962 1322 1821 338 4220 3939 3623 2873 9779 5560 1602 2521 7972 4575 2311 1492 204 2726 1823 1294 5726 4714 8237 1237 65 208 3150 5540 9259 8644 6271 9570 3525 1654 2412 4213
9545 7150 6335 1834 919 7340 9799 9646 6206 7472 5407 7363 1108 6720 788 1970 1046 6740 2564 4991 1735 810 9837 619 2285 125 2590 2234 3593 1871 494 762 5222 3529 5799 6233 1429 8451 4519 2583 1891 3330 4304 1765 320 4316 188 5265 2690 33
678 9736 8500 5101 1306 2745 1456 1739 2829 9557 4275 4784 298 5488 9114 8747 1494 1358 864 6704 1581 9313 6524 8623 5015 6559 7041 2693 88 7055 1211 59 2670 8270 803 1641 1123 64 5637 6134 4465 1757 2038 4705 1548 9116 9999 8061 2007 3044
4382 3118 7826 4738 814 4940 9252 1385 5008 6063 2635 7384 1911 7401 3921 2229 219 2202 6639 7007 1852 8313 2387 7899 3422 213 519 6532 1403 4617 8865 5968 1674 213 1115 3458 1922 6228 2309 1959 793 1843 8237 8752 3777 7762 3806 6565 5621 7291
8995 1104 7399 3928 591 7587 560 330 8987 2321 540 9442 8233 2585 6329 2013 338 4236 6222 1550 5185 6251 2095 8955 5558 2291 7773 1966 8047 1241 4246 4444 7591 9584 7729 8222 1544 8210 8421 1110 8038 5226 2128 388 5389 8665 3704 1278 5408 8291
6541 7858 751 6598 3916 5053 7055 4359 1316 425 9772 5063 635 1645 85 2129 3042 4321 4055 8762 4803 4579 1493 921 9046 8725 4078 518 3051 6739 7260 8241 4919 4454 6522 352 4088 9300 3440 2710 8273 6966 9517 4616 3222 1140 7927 9824 2751 472
7106 7721 7575 7029 6961 2007 6147 2542 1626 7771 924 6923 7854 6399 2612 2998 182 946 6045 2353 1982 322 4490 5006 2458 2562 2210 9445 6352 6207 9955 4512 8792 7940 5733 723 3073 3546 7506 7817 8295 3357 2240 8039 171 2004 91 5798 4059 9591
8814 5319 2678 6044 2263 315 8414 2110 6170 3515 6092 6219 6966 4924 2907 7282 8340 3902 2250 1993 6408 8410 8987 756 9219 557 988 3990 7043 1985 2356 3569 8729 1861 2077 6709 5871 2081 4608 7013 9265 4576 1665 7258 843 2550 5123 9691 1762 4596
2408 3502 2590 7773 3248 3997 2441 1984 7040 2688 9603 4109 9449 716 3247 8852 4989 7784 509 782 8437 4334 5730 5353 8617 883 6802 583 2988 4123 6257 4047 5250 1151 7769 3 8031 5946 2558 7502 2675 8125 7593 1539 4351 9411 4369 9137 2778 9962
8886 3078 6406 4450 5396 4543 3512 5586 4800 103 6987 1142 9386 9469 6269 2185 4583 3262 7691 4485 8582 6559 6682 16 1109 4298 3487 4103 7983 2590 9535 2566 4627 7985 5194 8280 925 5112 1179 9546 6777 73 9478 9094 