array length 1445
2
3 5 14 16 25 30 33 33 39 48 53 59 64 65 66 69 73 85 88 91 92 95 103 109 117 125 130 132 134 135 136 147 150 159 161 170 171 181 182 188 198 204 208 213 213 219 232 239 244 253
254 272 276 286 298 315 320 322 330 337 338 338 346 348 352 356 361 362 371 386 388 389 389 400 412 413 414 425 426 427 430 435 440 449 454 464 466 472 477 488 491 494 506 509 518 519 521 531 535 537
540 554 557 558 560 566 567 573 583 588 591 592 601 601 619 620 622 626 630 635 640 642 643 645 645 656 659 660 670 678 680 694 716 723 730 737 740 751 756 762 765 765 771 782 785 788 789 793 802 803
804 807 808 809 810 813 814 814 830 831 843 844 851 864 879 883 900 902 912 919 921 924 925 925 946 949 952 964 972 975 978 987 988 988 989 991 1001 1011 1012 1018 1021 1027 1028 1030 1032 1034 1041 1046 1054 1055
1069 1069 1078 1081 1097 1104 1104 1108 1109 1110 1115 1123 1128 1132 1140 1142 1151 1154 1156 1164 1165 1169 1179 1193 1194 1203 1207 1210 1211 1228 1231 1237 1238 1241 1252 1253 1264 1265 1270 1272 1278 1294 1294 1305 1306 1309 1316 1322 1323 1326
1330 1347 1352 1354 1358 1359 1360 1362 1363 1378 1378 1385 1401 1402 1403 1416 1429 1432 1436 1442 1449 1456 1458 1461 1464 1492 1493 1494 1498 1511 1517 1517 1518 1538 1539 1544 1544 1547 1548 1550 1552 1553 1558 1559 1570 1581 1583 1585 1586 1587
1597 1602 1620 1626 1638 1641 1645 1654 1657 1665 1669 1674 1676 1677 1683 1696 1703 1717 1721 1735 1739 1744 1747 1752 1757 1762 1763 1765 1769 1795 1803 1810 1821 1822 1823 1829 1834 1841 1843 1845 1852 1861 1871 1873 1884 1891 1900 1900 1901 1904
1911 1922 1926 1927 1933 1950 1958 1959 1963 1966 1970 1982 1982 1984 1985 1993 2004 2007 2007 2008 2012 2013 2014 2023 2023 2038 2052 2058 2058 2062 2068 2070 2077 2077 2081 2095 2096 2110 2128 2129 2135 2137 2145 2185 2190 2202 2210 2210 2219 2225
2229 2233 2234 2235 2237 2240 2242 2244 2250 2252 2260 2263 2264 2269 2276 2285 2285 2291 2309 2311 2320 2321 2326 2336 2341 2347 2353 2356 2367 2373 2374 2376 2382 2383 2387 2387 2402 2403 2408 2412 2417 2437 2438 2441 2445 2458 2465 2490 2508 2520
2521 2542 2546 2550 2552 2558 2562 2563 2564 2566 2570 2572 2573 2583 2585 2587 2588 2590 2590 2590 2592 2612 2615 2624 2635 2641 2646 2652 2658 2659 2670 2675 2678 2688 2689 2690 2693 2705 2710 2712 2723 2726 2733 2738 2745 2751 2768 2777 2778 2782
2785 2829 2829 2830 2831 2834 2836 2836 2843 2849 2866 2872 2873 2883 2888 2906 2906 2907 2909 2917 2923 2942 2949 2965 2987 2988 2998 2998 3004 3014 3021 3037 3042 3044 3047 3051 3055 3064 3073 3074 3077 3078 3079 3088 3092 3107 3112 3114 3114 3118
3124 3130 3140 3142 3150 3162 3217 3222 3245 3247 3248 3253 3254 3262 3264 3276 3280 3289 3290 3293 3319 3330 3357 3380 3381 3391 3394 3422 3430 3440 3442 3454 3458 3465 3465 3466 3472 3474 3480 3482 3487 3502 3512 3515 3516 3521 3525 3529 3535 3541
3545 3546 3546 3554 3559 3569 3593 3597 3599 3602 3602 3611 3623 3623 3628 3635 3647 3649 3687 3699 3703 3704 3719 3726 3727 3735 3745 3756 3767 3772 3773 3774 3777 3778 3792 3805 3806 3806 3811 3846 3860 3874 3879 3898 3902 3903 3911 3916 3921 3921
3928 3935 3939 3939 3944 3946 3954 3959 3990 3996 3997 4001 4005 4012 4030 4031 4037 4041 4047 4048 4055 4059 4065 4067 4078 4078 4088 4090 4096 4103 4109 4123 4123 4141 4163 4173 4185 4204 4213 4214 4220 4226 4226 4232 4234 4236 4246 4250 4250 4260
4275 4290 4298 4298 4304 4305 4312 4316 4321 4329 4334 4339 4347 4349 4351 4359 4366 4369 4372 4381 4382 4400 4418 4441 4444 4448 4450 4454 4465 4472 4480 4485 4485 4490 4493 4502 4512 4512 4515 4519 4521 4530 4531 4540 4543 4550 4559 4562 4575 4576
4579 4583 4596 4602 4604 4608 4616 4617 4627 4632 4656 4696 4697 4700 4702 4705 4714 4715 4719 4724 4726 4731 4738 4779 4781 4784 4790 4792 4800 4800 4803 4836 4846 4851 4867 4878 4880 4896 4904 4919 4924 4927 4928 4934 4935 4940 4949 4953 4986 4987
4989 4991 5000 5004 5004 5006 5008 5012 5015 5021 5027 5028 5032 5046 5053 5056 5063 5064 5064 5067 5069 5071 5081 5086 5090 5091 5094 5101 5112 5123 5130 5136 5139 5153 5162 5185 5194 5209 5217 5219 5222 5222 5226 5230 5238 5250 5250 5265 5283 5291
5299 5311 5315 5319 5332 5340 5350 5353 5368 5371 5376 5376 5389 5396 5396 5406 5407 5408 5428 5440 5441 5454 5473 5488 5509 5526 5539 5540 5542 5543 5553 5558 5560 5572 5586 5589 5594 5612 5621 5630 5632 5632 5635 5637 5647 5650 5672 5715 5726 5729
5730 5733 5741 5759 5772 5786 5798 5799 5804 5810 5823 5824 5834 5843 5848 5871 5902 5907 5917 5930 5946 5962 5965 5968 5968 5974 5980 6002 6019 6020 6021 6027 6044 6045 6057 6063 6072 6083 6092 6111 6125 6125 6133 6134 6136 6147 6152 6170 6170 6191
6191 6199 6205 6206 6207 6219 6221 6222 6226 6228 6233 6238 6246 6251 6257 6262 6267 6269 6269 6271 6272 6283 6302 6306 6312 6316 6329 6335 6335 6340 6347 6352 6359 6360 6376 6382 6394 6399 6405 6406 6408 6416 6419 6442 6449 6466 6473 6474 6477 6478
6482 6504 6515 6522 6524 6528 6532 6532 6533 6541 6547 6559 6559 6565 6589 6591 6598 6616 6617 6620 6626 6635 6639 6665 6667 6668 6682 6704 6704 6709 6716 6720 6731 6739 6739 6739 6740 6757 6768 6774 6777 6788 6802 6802 6818 6851 6864 6870 6883 6893
6896 6901 6906 6912 6923 6930 6934 6961 6962 6966 6966 6974 6987 6987 6999 7007 7013 7022 7029 7035 7040 7041 7043 7044 7051 7055 7055 7063 7070 7074 7081 7093 7098 7106 7111 7129 7141 7150 7154 7158 7162 7162 7187 7202 7212 7212 7217 7219 7219 7226
7232 7239 7243 7244 7254 7258 7260 7262 7264 7282 7282 7283 7284 7291 7292 7301 7310 7316 7316 7318 7321 7323 7331 7340 7355 7363 7365 7374 7384 7388 7399 7401 7402 7407 7422 7447 7462 7472 7482 7488 7502 7506 7514 7536 7546 7552 7561 7564 7575 7575
7587 7591 7593 7593 7615 7629 7631 7636 7641 7646 7648 7651 7661 7691 7694 7706 7711 7713 7721 7729 7735 7745 7753 7757 7762 7769 7771 7773 7773 7781 7784 7787 7802 7805 7817 7818 7821 7826 7830 7854 7858 7862 7881 7899 7903 7913 7914 7918 7918 7919
7923 7927 7927 7930 7940 7972 7979 7980 7983 7985 7987 7989 7990 7999 7999 8031 8038 8039 8044 8047 8050 8061 8076 8092 8101 8111 8116 8125 8138 8150 8165 8189 8210 8214 8215 8219 8222 8223 8223 8233 8237 8237 8240 8241 8253 8264 8266 8267 8270 8273
8280 8282 8291 8295 8313 8328 8340 8345 8350 8354 8357 8362 8363 8410 8411 8413 8414 8421 8421 8428 8430 8437 8443 8451 8456 8459 8466 8468 8478 8500 8506 8539 8544 8554 8557 8582 8592 8617 8623 8644 8665 8673 8702 8710 8725 8729 8739 8747 8752 8752
8753 8756 8762 8762 8776 8784 8792 8810 8814 8826 8828 8830 8832 8844 8852 8857 8865 8868 8872 8886 8888 8905 8909 8920 8926 8947 8955 8956 8963 8974 8987 8987 8995 9007 9016 9017 9023 9031 9046 9046 9057 9071 9094 9102 9103 9103 9114 9115 9116 9125
9137 9139 9171 9219 9219 9246 9249 9251 9252 9253 9259 9265 9265 9286 9300 9313 9358 9363 9373 9382 9386 9411 9416 9432 9442 9442 9445 9446 9449 9464 9469 9472 9473 9478 9478 9487 9517 9526 9535 9538 9545 9546 9557 9561 9567 9570 9574 9574 9575 9581
9584 9590 9591 9603 9612 9626 9630 9646 9648 9650 9652 9661 9673 9681 9687 9691 9718 9724 9736 9750 9772 9772 9779 9779 9799 9802 9803 9806 9824 9826 9831 9837 9839 9858 9871 9888 9898 9939 9948 9952 9955 9962 9983 9999 